#Steps: 35
#Users: 350
#Constraints: 113
Authorizations:
user 1: 0 0 1 1 0 0 1 0 0 0 0 1 0 0 0 1 1 0 0 0 0 0 0 0 0 0 0 1 1 0 1 0 0 1 1
user 2: 1 0 1 0 0 1 1 0 0 0 0 1 0 0 1 0 0 0 1 1 0 0 1 0 0 0 0 1 0 0 0 0 1 1 1
user 3: 1 0 1 0 1 0 0 0 0 1 1 1 0 0 0 0 0 0 1 1 0 1 1 0 0 1 0 0 0 1 0 1 1 0 0
user 4: 0 0 0 0 0 0 0 1 1 1 1 1 0 1 0 0 1 0 0 1 1 0 0 0 0 1 1 0 1 0 0 1 0 1 0
user 5: 0 0 0 0 0 0 1 0 0 0 0 0 0 0 0 0 0 1 0 1 0 0 1 1 1 0 0 0 0 0 0 1 0 1 0
user 6: 0 0 0 0 0 0 0 0 1 0 1 0 1 0 1 0 0 0 1 0 1 1 0 1 0 0 0 0 0 0 0 0 0 0 0
user 7: 0 0 1 1 0 1 0 1 1 1 1 1 0 0 0 0 0 1 0 1 1 0 0 0 1 1 0 0 0 1 1 0 0 0 1
user 8: 0 0 0 0 0 0 0 1 0 0 0 1 1 0 0 1 0 0 0 0 1 0 1 0 1 0 0 0 0 0 1 0 1 0 0
user 9: 0 0 0 0 1 1 0 0 0 0 0 1 0 0 0 0 0 1 0 0 0 0 1 0 0 0 0 0 0 1 0 0 0 0 0
user 10: 0 0 0 0 0 0 0 0 0 0 0 0 0 0 0 0 0 0 0 0 0 0 1 0 0 0 0 1 1 0 0 1 0 0 0
user 11: 0 0 1 0 0 0 0 0 1 0 1 0 0 0 0 1 0 0 1 0 0 0 0 0 0 1 0 0 0 0 0 0 0 0 0
user 12: 0 0 1 1 1 1 0 0 1 0 0 1 0 0 1 1 0 0 1 0 0 0 1 0 0 0 0 0 0 1 0 1 1 1 1
user 13: 0 0 1 0 0 1 1 1 0 0 0 0 1 0 1 1 0 1 1 0 1 0 1 1 0 0 0 0 0 1 1 1 1 1 0
user 14: 1 1 1 1 0 0 0 0 1 1 0 0 1 0 1 1 0 0 0 1 0 1 0 1 0 0 0 0 0 0 0 0 0 0 0
user 15: 0 0 0 1 0 0 1 1 0 1 0 0 1 0 1 0 1 1 0 0 0 0 0 0 0 0 0 0 0 0 1 0 1 1 0
user 16: 0 0 0 0 0 0 0 0 0 0 0 0 0 0 0 0 0 0 0 0 0 0 0 0 0 1 0 0 0 0 0 0 0 0 0
user 17: 0 0 0 0 0 1 0 0 0 1 1 1 0 0 1 0 1 1 0 0 0 1 1 0 0 0 1 1 1 1 1 0 0 0 0
user 18: 0 0 0 0 0 0 0 0 1 0 0 0 0 0 0 0 0 0 0 0 0 0 0 0 0 0 0 0 0 0 0 0 0 0 0
user 19: 0 0 0 1 0 0 0 0 0 0 0 0 1 0 0 0 0 0 0 0 0 0 0 1 0 0 0 0 0 0 0 0 0 1 0
user 20: 0 1 0 0 0 0 0 0 0 0 0 0 0 0 0 0 0 1 0 0 0 0 0 0 1 1 0 0 0 0 0 1 0 0 1
user 21: 0 0 0 0 0 1 0 0 0 1 0 0 1 0 0 0 1 0 0 0 1 0 0 0 0 0 1 1 0 0 0 0 0 0 0
user 22: 1 0 1 1 0 0 1 0 0 0 0 1 1 0 0 0 1 1 1 0 0 0 0 0 0 0 1 0 0 0 0 1 0 0 1
user 23: 0 0 0 0 0 0 0 0 0 0 0 0 0 0 1 0 0 0 1 0 0 0 0 0 0 0 0 1 0 0 0 0 0 0 0
user 24: 1 0 0 0 0 0 0 0 1 0 0 1 1 1 1 1 1 1 1 1 0 0 1 0 1 0 0 1 0 0 1 1 0 0 1
user 25: 0 0 0 0 0 0 0 0 0 0 0 1 0 0 0 0 0 0 0 0 0 0 0 0 0 0 0 0 0 0 0 0 0 0 0
user 26: 0 1 0 0 0 0 1 0 0 1 1 0 0 1 0 0 0 0 0 0 1 1 0 0 0 0 0 1 0 1 0 0 0 0 0
user 27: 0 0 0 0 0 0 0 0 0 0 0 0 0 0 0 0 0 0 0 1 0 0 0 0 0 0 0 0 0 0 0 0 0 0 1
user 28: 0 0 0 0 0 1 0 0 0 0 0 0 0 0 0 0 1 0 0 0 0 0 0 0 0 0 0 0 0 1 0 0 0 0 0
user 29: 0 0 1 1 0 0 0 1 1 1 1 0 0 0 1 0 0 0 1 0 0 0 1 0 0 0 1 0 1 0 1 1 1 0 1
user 30: 0 0 0 0 1 0 0 1 1 1 0 0 0 0 0 1 0 0 0 0 0 0 1 1 1 0 0 1 0 1 0 1 1 1 0
user 31: 0 0 0 0 0 0 1 1 0 1 1 0 1 0 1 0 0 0 0 1 1 0 0 0 0 0 1 1 0 0 1 0 0 0 0
user 32: 1 1 0 0 1 0 0 1 1 0 0 1 1 1 0 0 1 0 0 0 0 0 0 0 1 1 0 0 1 1 0 1 0 1 1
user 33: 0 0 0 0 0 0 0 0 0 0 0 1 0 0 0 0 0 0 0 0 0 0 0 0 0 0 0 1 0 0 0 0 0 0 0
user 34: 1 0 0 0 1 0 0 0 0 0 1 0 1 0 0 0 0 0 0 0 0 0 0 1 0 0 0 0 0 0 1 0 1 0 1
user 35: 0 0 0 0 0 0 0 1 1 0 1 1 0 1 1 0 1 1 0 0 0 0 0 0 0 0 1 0 0 0 0 0 0 0 0
user 36: 0 0 0 0 0 0 1 0 0 0 1 0 1 1 0 0 0 1 0 0 1 0 0 1 0 0 0 1 0 0 0 0 0 0 1
user 37: 0 0 1 0 0 1 0 0 1 0 0 1 0 0 0 0 1 0 1 0 1 0 1 1 1 1 0 0 0 1 1 1 1 1 0
user 38: 0 0 0 0 0 0 0 0 0 0 0 0 0 0 0 0 0 0 0 1 0 0 0 0 0 1 0 0 0 0 0 0 0 0 1
user 39: 0 1 0 0 0 0 0 0 0 0 0 1 0 0 0 1 1 0 0 0 1 0 0 0 1 0 0 0 1 0 1 0 0 0 1
user 40: 0 0 0 0 0 0 0 0 0 0 0 0 1 0 0 1 0 0 0 0 0 0 0 0 0 0 0 0 0 1 0 0 0 0 0
user 41: 0 0 0 0 0 0 0 1 1 0 0 0 1 1 0 1 0 0 0 1 0 1 0 1 1 0 0 0 0 1 0 0 0 0 0
user 42: 0 1 0 0 0 1 0 0 0 0 0 0 1 0 1 0 1 0 0 0 0 0 1 0 0 0 0 0 0 0 0 0 0 0 0
user 43: 0 0 0 0 0 0 1 0 0 0 0 0 0 0 0 0 0 0 1 0 0 0 0 0 1 0 0 0 0 0 0 0 1 0 0
user 44: 0 0 0 0 1 0 0 0 1 1 0 0 0 1 0 0 0 0 0 0 0 0 1 0 0 0 1 0 0 0 0 0 0 0 0
user 45: 1 0 0 1 0 1 1 0 0 0 1 0 1 0 0 0 0 1 0 0 0 0 1 0 0 0 0 1 0 0 0 0 0 0 0
user 46: 0 0 1 1 0 0 1 0 0 0 0 0 0 0 0 1 0 1 0 0 0 0 0 0 0 0 0 1 1 0 0 0 1 0 0
user 47: 1 0 0 0 0 1 0 0 1 0 1 0 0 0 1 1 0 0 0 0 0 0 0 0 0 0 0 0 0 0 1 0 0 0 1
user 48: 0 0 1 1 0 0 0 0 1 1 0 1 1 0 0 0 0 0 0 0 0 0 0 0 0 0 0 0 0 1 1 0 0 1 1
user 49: 0 0 1 0 0 0 0 1 0 1 0 0 1 0 0 0 0 0 0 1 0 0 0 0 1 0 0 0 1 0 0 0 0 0 0
user 50: 0 1 1 0 1 0 1 1 0 0 0 1 1 0 0 0 0 1 0 0 1 0 0 1 0 0 0 0 0 1 0 0 0 0 0
user 51: 1 0 1 0 0 0 1 0 0 0 0 0 1 0 0 0 0 0 0 0 0 0 0 1 1 1 0 0 0 0 1 0 1 0 0
user 52: 0 1 0 0 1 1 1 1 0 0 1 0 0 1 0 1 0 1 0 1 0 0 1 0 1 0 1 0 0 0 0 0 0 1 0
user 53: 0 0 0 0 0 0 0 0 0 0 0 0 0 0 0 0 0 0 0 0 0 0 0 0 0 0 1 0 0 0 1 0 0 0 0
user 54: 0 0 0 0 0 0 0 0 0 0 0 0 0 0 0 0 0 0 0 0 0 0 0 0 0 0 1 0 0 0 1 0 1 0 0
user 55: 0 1 0 0 1 0 1 0 0 0 1 1 0 1 0 0 0 1 0 0 0 0 0 1 1 0 0 1 0 1 0 1 1 0 1
user 56: 0 0 0 0 0 0 0 0 0 0 0 0 0 0 0 0 0 0 0 0 0 0 0 0 0 0 0 0 1 0 0 0 0 0 0
user 57: 0 0 0 0 0 0 0 0 0 0 0 1 0 0 0 0 0 0 1 1 0 0 0 0 0 0 1 0 0 0 0 1 1 1 0
user 58: 0 0 0 0 0 0 0 0 0 0 0 0 0 0 0 0 0 0 0 0 0 0 0 0 0 0 0 0 0 0 1 0 0 0 1
user 59: 0 0 0 0 0 0 0 0 0 0 0 1 0 1 0 0 0 0 0 0 0 0 0 0 0 0 0 1 0 0 0 0 0 0 0
user 60: 0 0 1 0 0 0 0 0 0 1 0 0 0 1 0 0 0 0 0 0 1 0 0 0 0 0 0 1 0 0 0 0 0 0 0
user 61: 0 1 1 0 0 0 1 0 0 0 0 1 1 0 1 0 0 0 0 0 1 0 0 1 0 1 0 0 1 0 0 1 0 0 0
user 62: 0 0 0 0 0 0 0 0 1 0 0 0 0 0 1 0 0 0 0 0 1 0 0 0 0 0 0 1 0 0 0 0 0 0 0
user 63: 0 1 0 1 0 1 1 0 1 0 1 1 1 0 0 0 1 1 1 0 0 0 1 0 0 0 0 0 1 0 1 0 1 1 0
user 64: 0 0 0 1 1 0 0 0 0 0 1 0 0 0 0 0 1 1 1 1 0 1 1 0 1 0 1 0 0 1 0 1 0 1 1
user 65: 1 1 1 0 0 1 0 0 0 0 0 1 0 0 1 1 0 0 0 0 0 0 0 0 0 0 0 1 0 1 1 1 0 1 1
user 66: 0 1 1 0 1 1 1 0 0 0 0 1 1 0 0 1 1 0 0 1 0 1 1 0 1 1 0 1 1 0 0 1 0 0 0
user 67: 0 1 0 0 0 1 0 0 1 0 0 0 0 0 1 0 0 0 0 0 0 0 0 1 0 1 0 1 0 0 1 0 0 0 0
user 68: 0 1 1 0 0 0 0 0 1 1 1 0 1 1 0 0 0 0 0 0 0 1 0 1 0 0 1 0 0 1 0 0 0 0 1
user 69: 0 0 0 0 1 0 0 1 0 1 0 0 1 1 1 0 1 1 0 0 0 1 0 0 1 1 0 0 0 0 0 1 0 1 0
user 70: 1 1 0 0 0 0 0 0 0 1 1 0 0 0 0 0 0 0 0 0 0 0 0 0 0 0 0 0 0 0 0 1 0 0 0
user 71: 0 1 1 0 0 0 0 0 1 1 1 1 1 0 0 1 0 0 0 1 1 0 1 0 1 0 0 0 0 1 1 1 0 1 0
user 72: 1 0 0 1 0 1 0 0 0 0 0 0 0 0 0 0 1 0 1 0 1 0 1 0 0 1 0 0 0 0 0 1 0 0 0
user 73: 0 0 0 0 0 0 0 0 0 0 0 0 0 0 0 0 0 0 0 0 0 0 0 0 0 0 0 0 0 0 0 0 0 0 1
user 74: 0 1 1 0 0 0 0 0 1 0 0 0 0 0 1 1 1 0 0 0 1 0 0 0 0 0 0 0 0 0 0 0 0 0 0
user 75: 0 0 1 0 0 0 0 1 0 0 0 0 0 0 0 0 0 0 0 0 0 0 0 0 0 0 0 0 1 0 0 0 0 0 0
user 76: 1 0 0 0 0 0 0 0 0 0 0 0 0 1 1 1 0 0 0 1 0 1 0 0 1 1 0 0 0 0 0 1 0 0 0
user 77: 0 0 0 1 0 0 0 0 0 0 0 0 0 0 0 0 1 0 0 0 0 0 1 0 0 0 1 0 0 0 0 0 0 0 1
user 78: 0 0 0 0 0 0 0 0 0 1 0 0 0 0 0 0 0 0 1 1 1 0 1 0 0 0 0 0 1 1 1 1 0 0 1
user 79: 0 0 0 0 0 0 0 0 0 0 0 0 0 0 0 0 1 0 0 0 1 0 0 1 0 1 1 0 1 0 0 0 0 1 1
user 80: 0 0 0 0 0 0 0 0 0 0 0 0 0 0 0 0 0 0 0 1 0 0 0 0 0 0 0 0 0 0 0 0 0 1 1
user 81: 0 0 0 1 0 0 0 0 0 0 0 0 0 0 0 1 1 1 1 1 1 1 0 1 1 0 0 0 0 0 0 0 0 0 1
user 82: 0 0 0 0 0 0 0 0 0 0 0 0 0 0 0 0 0 0 0 0 0 0 0 0 0 1 0 0 0 0 0 0 0 0 0
user 83: 1 0 0 0 0 0 0 0 0 0 0 0 0 0 0 0 0 0 0 0 0 0 0 0 0 0 1 0 0 0 1 0 0 1 0
user 84: 1 1 1 0 1 0 1 1 0 1 0 0 1 1 1 1 1 0 0 1 0 0 0 1 0 0 0 0 1 0 1 0 0 0 1
user 85: 0 0 0 0 0 0 0 0 0 0 0 0 1 0 0 0 0 0 0 0 0 0 0 0 0 0 0 0 0 0 0 0 0 1 1
user 86: 0 0 1 0 1 1 1 1 1 0 0 1 1 0 0 0 0 0 0 1 1 1 0 0 0 1 0 0 0 1 1 1 0 0 1
user 87: 0 0 0 0 0 0 0 0 0 0 0 0 0 0 0 0 0 0 0 0 0 0 0 0 0 0 0 0 1 0 0 0 0 0 0
user 88: 0 0 0 0 0 1 0 0 1 0 0 0 0 0 0 1 0 0 0 0 1 0 0 1 0 1 0 0 0 0 0 0 0 0 1
user 89: 0 0 1 0 0 0 0 0 0 0 0 0 0 0 0 1 1 1 0 0 0 0 0 0 0 0 0 1 0 0 0 0 0 0 0
user 90: 1 1 1 1 1 0 0 1 1 0 1 0 0 0 1 0 0 0 0 0 0 1 0 0 1 0 0 0 1 0 0 1 0 0 0
user 91: 0 0 0 0 0 0 0 0 0 0 0 0 0 0 0 0 0 0 0 0 0 0 0 0 0 1 0 0 0 0 1 0 0 0 0
user 92: 0 0 0 1 0 0 1 0 0 0 1 1 0 0 0 1 0 1 0 1 0 1 0 0 0 0 0 1 0 0 0 1 0 0 1
user 93: 1 0 1 0 0 0 1 0 0 0 1 1 1 0 1 1 0 1 1 0 0 1 0 0 0 1 0 0 0 1 0 0 0 0 1
user 94: 0 0 0 1 1 1 0 1 1 0 0 0 1 0 0 1 0 1 0 1 0 1 1 0 0 0 1 0 1 1 1 0 1 0 0
user 95: 0 0 1 0 1 0 0 0 0 0 0 0 0 0 0 1 0 0 1 1 0 1 0 0 0 1 0 0 0 1 0 0 0 0 0
user 96: 0 0 0 0 0 0 0 1 0 0 0 0 1 1 0 0 0 0 0 0 0 0 0 0 0 0 0 0 0 0 0 0 0 0 0
user 97: 0 0 0 1 0 0 0 1 0 0 0 0 1 0 0 1 0 0 0 0 0 1 0 1 0 0 0 0 0 0 1 0 0 0 0
user 98: 0 0 1 1 0 0 0 0 0 0 0 0 0 0 0 0 0 0 0 0 0 0 0 0 0 1 0 0 0 0 0 1 0 0 1
user 99: 1 1 0 0 0 1 1 0 0 0 0 0 1 1 0 1 0 0 1 0 1 1 0 0 1 1 0 0 0 0 0 0 0 0 0
user 100: 0 0 1 0 0 1 0 0 0 0 0 0 0 0 1 0 0 0 0 0 0 0 0 0 0 1 0 0 0 0 0 0 0 0 0
user 101: 0 0 0 1 0 0 0 0 0 0 0 0 0 0 0 0 0 0 1 0 0 0 1 0 1 0 0 0 0 0 0 0 0 1 0
user 102: 0 0 0 0 0 0 0 0 0 0 0 0 0 0 0 0 0 0 0 1 0 1 0 0 0 0 0 0 1 0 0 0 0 0 0
user 103: 1 0 1 1 0 0 0 0 0 0 0 1 1 0 0 1 0 0 0 0 0 0 0 0 1 0 0 1 1 0 0 0 0 1 0
user 104: 0 0 0 0 0 0 1 0 0 0 0 0 0 0 0 0 0 0 0 0 0 0 0 0 0 0 0 0 0 0 0 0 0 1 1
user 105: 1 0 0 0 1 0 0 0 1 0 0 1 0 0 1 1 1 1 1 1 0 0 0 0 0 1 0 1 1 1 0 1 1 1 0
user 106: 0 0 1 0 0 0 0 0 0 1 1 1 0 0 0 0 0 1 0 0 0 0 0 0 0 1 0 1 0 0 0 0 0 0 0
user 107: 0 0 0 1 0 0 0 1 0 1 1 0 0 0 0 0 0 0 0 1 0 0 1 1 1 0 1 0 0 0 0 0 0 0 0
user 108: 0 0 0 0 0 0 0 0 0 0 0 0 0 1 0 0 0 0 0 0 0 0 0 0 0 0 1 0 0 0 0 0 0 0 1
user 109: 1 0 0 0 0 0 0 0 0 0 0 0 0 0 0 0 0 1 0 0 0 0 0 1 0 0 1 1 0 0 1 0 1 0 1
user 110: 0 0 1 0 0 0 1 1 1 0 0 0 0 0 0 0 1 0 0 1 0 1 1 0 0 1 1 0 0 0 0 1 0 1 0
user 111: 0 1 0 0 0 0 0 0 1 0 1 0 0 0 0 0 0 1 1 0 0 0 0 0 0 1 0 0 0 1 1 0 1 1 0
user 112: 0 1 0 0 0 0 0 0 0 0 0 0 1 0 0 0 0 0 0 0 0 0 1 0 0 1 1 1 0 0 1 1 0 0 1
user 113: 0 0 0 0 0 0 0 0 0 0 0 0 0 0 0 0 0 0 0 0 0 1 0 0 0 0 0 0 0 0 0 0 0 0 0
user 114: 0 1 0 1 0 1 0 1 0 0 0 1 0 1 0 1 0 1 1 0 0 0 1 0 0 1 1 0 1 0 1 0 1 0 1
user 115: 0 0 0 0 0 0 0 0 0 0 0 0 0 0 0 0 0 0 0 1 1 0 0 0 0 0 0 0 0 0 0 0 1 0 0
user 116: 1 1 0 0 0 0 1 0 1 1 0 1 0 0 0 0 0 0 0 0 0 0 0 1 0 0 0 0 0 0 0 0 0 0 1
user 117: 1 0 0 0 0 0 0 0 0 1 0 1 0 0 0 0 0 1 0 0 0 1 1 1 1 0 1 0 1 0 1 0 0 1 1
user 118: 0 1 0 0 0 0 0 0 0 0 1 0 0 1 0 0 0 0 0 0 0 0 1 0 0 1 0 1 0 0 0 0 0 0 1
user 119: 0 1 1 1 1 0 1 1 0 0 1 0 0 0 1 0 1 0 0 0 0 0 0 1 0 1 1 1 1 0 1 1 0 0 0
user 120: 1 1 0 0 1 0 0 0 0 0 1 1 1 0 1 0 1 0 1 0 0 0 0 0 0 0 0 0 0 0 0 1 0 1 0
user 121: 0 1 0 1 0 0 1 0 0 0 1 0 0 0 0 0 0 0 0 0 1 0 0 0 1 0 1 1 0 0 0 0 0 0 1
user 122: 0 0 0 1 1 0 0 1 0 1 0 0 1 1 1 1 1 0 1 0 0 1 0 1 0 1 1 0 0 0 1 1 0 0 0
user 123: 0 0 0 0 0 0 1 0 0 0 1 0 0 0 0 1 0 0 0 0 1 0 0 1 0 0 1 0 0 0 0 0 0 0 0
user 124: 0 0 0 0 0 0 0 1 0 0 0 0 0 0 0 0 0 1 0 0 0 0 0 1 0 0 1 0 0 0 0 0 0 0 0
user 125: 1 1 0 0 0 0 0 1 0 0 0 0 0 0 1 0 0 0 0 0 0 0 0 0 1 0 1 0 0 1 0 1 0 0 0
user 126: 0 0 0 0 0 0 1 0 0 0 1 0 0 0 1 1 0 0 0 1 0 0 1 0 0 0 0 1 0 1 0 0 0 0 0
user 127: 0 1 0 1 0 0 0 0 1 0 1 1 0 0 0 0 0 0 0 1 1 1 0 0 0 1 0 0 0 0 1 0 0 1 0
user 128: 1 0 1 1 0 0 0 0 1 0 1 0 0 1 0 0 0 0 1 0 1 0 0 0 0 0 1 0 0 0 0 1 0 0 1
user 129: 1 0 0 0 0 1 0 0 0 0 0 0 0 0 0 0 0 0 0 0 0 0 0 0 0 0 0 0 1 0 0 1 0 0 1
user 130: 0 1 0 1 0 1 0 1 0 0 0 0 1 0 0 0 0 0 0 0 0 0 0 1 1 1 1 1 1 0 0 1 0 1 0
user 131: 0 1 1 0 0 1 0 0 1 1 0 1 1 0 0 0 0 0 0 0 0 1 1 0 0 1 1 0 0 1 0 1 0 0 1
user 132: 0 0 1 1 0 1 0 0 0 1 1 0 1 1 1 1 0 0 0 0 0 1 0 0 0 1 0 0 0 1 0 0 1 1 1
user 133: 1 0 0 0 0 0 0 0 0 1 1 0 0 0 1 0 0 0 0 1 1 1 0 0 1 1 0 0 0 0 0 0 0 0 0
user 134: 0 0 0 0 0 0 0 0 0 0 0 1 1 1 0 1 0 0 0 1 0 0 0 0 1 0 0 1 0 1 0 0 1 0 1
user 135: 0 0 0 0 0 0 0 0 0 0 1 0 0 0 0 0 0 0 0 0 0 0 0 0 0 0 0 0 0 0 0 0 0 0 0
user 136: 0 0 0 0 0 1 0 0 0 0 1 0 0 0 1 0 0 1 0 0 1 0 0 0 0 0 0 0 0 0 0 1 0 0 1
user 137: 1 0 1 1 0 1 0 0 0 0 1 1 0 1 0 0 1 0 0 0 1 0 1 0 1 0 1 0 1 0 1 0 1 0 0
user 138: 0 0 0 0 0 1 0 0 0 0 0 0 0 1 0 0 0 0 0 0 0 0 0 0 0 0 0 1 0 0 0 1 0 0 0
user 139: 0 0 0 0 0 0 0 0 0 0 0 0 0 0 0 0 0 0 0 0 0 1 0 0 0 0 0 0 0 0 0 0 0 0 0
user 140: 0 0 0 0 0 0 0 0 0 0 0 0 0 0 0 0 0 0 0 0 0 0 0 0 0 1 0 1 0 0 0 0 0 0 0
user 141: 0 1 0 1 0 1 1 1 1 0 0 0 1 1 1 0 0 0 1 1 0 0 0 1 0 0 0 1 0 1 0 0 0 0 1
user 142: 0 1 1 0 0 1 1 1 0 0 1 0 1 0 0 0 1 0 0 0 1 1 0 1 1 0 1 0 0 1 0 1 0 1 1
user 143: 0 0 0 0 0 0 1 0 1 0 0 0 0 0 0 0 0 0 0 0 0 0 0 0 0 0 0 0 0 0 0 0 0 0 0
user 144: 0 0 0 0 0 0 0 0 0 0 0 0 0 0 0 0 0 0 0 0 0 0 0 0 0 0 0 0 1 1 1 0 0 0 0
user 145: 0 1 0 1 0 0 0 0 1 1 1 1 1 0 0 1 1 0 0 0 1 0 0 1 1 1 0 1 0 0 0 1 1 0 0
user 146: 0 1 0 0 0 0 1 0 0 1 0 1 0 0 0 0 1 0 0 0 0 0 0 0 0 0 1 0 0 0 1 0 0 1 0
user 147: 0 0 0 0 1 0 0 1 1 0 1 1 1 1 0 1 0 1 0 0 0 1 0 0 0 0 1 0 0 1 1 1 1 1 0
user 148: 1 0 0 0 1 0 0 0 0 0 1 0 0 0 0 0 0 1 0 1 0 0 0 1 1 1 0 0 0 0 0 1 1 0 0
user 149: 0 0 0 0 0 0 0 0 0 0 0 0 1 0 0 0 0 0 0 0 0 0 0 0 0 0 0 0 0 0 0 0 0 0 0
user 150: 0 0 0 0 0 0 0 0 0 0 0 1 0 0 0 0 1 1 0 0 0 1 1 0 0 0 0 0 0 0 0 1 0 0 1
user 151: 1 0 1 1 0 0 0 1 1 1 0 1 0 0 0 0 0 0 1 1 1 0 1 0 0 0 1 0 1 1 1 1 0 1 0
user 152: 0 0 0 0 0 1 0 1 0 1 0 0 0 1 0 0 0 0 0 0 1 0 1 1 0 0 0 0 0 1 0 0 0 0 0
user 153: 0 0 1 1 1 0 1 0 0 0 1 1 0 0 1 0 0 1 0 0 0 0 1 0 0 0 1 1 0 0 1 0 0 0 0
user 154: 0 1 0 0 0 0 0 1 0 1 0 0 1 1 0 0 1 1 0 0 0 1 1 0 0 0 1 0 1 0 0 0 1 0 1
user 155: 0 0 1 1 1 0 1 1 0 0 0 0 1 0 0 0 0 1 1 1 1 0 0 0 1 0 1 1 1 0 0 0 1 0 1
user 156: 0 1 0 0 0 1 1 0 1 0 1 0 0 1 0 0 1 0 1 0 1 0 1 1 1 0 0 0 1 1 1 1 0 0 1
user 157: 0 1 0 0 0 0 0 1 1 1 0 1 1 0 1 0 0 1 1 0 0 0 0 1 1 1 0 1 0 0 1 1 0 1 0
user 158: 1 0 1 1 0 0 0 0 1 1 1 0 1 0 0 1 1 0 1 0 0 0 0 0 1 1 1 1 1 0 1 0 1 0 0
user 159: 1 0 0 0 0 0 0 0 0 0 1 0 0 0 0 0 1 0 0 1 1 0 1 1 1 0 0 0 0 0 1 0 0 0 0
user 160: 0 0 1 0 0 1 0 0 0 0 0 0 0 0 0 0 1 0 0 0 1 0 0 0 1 0 1 0 0 0 0 0 0 0 0
user 161: 0 1 0 0 0 0 1 1 0 0 0 0 0 0 0 0 0 0 0 0 0 0 0 0 0 0 0 0 0 0 1 0 0 0 0
user 162: 1 0 1 0 0 0 1 0 0 1 0 0 0 0 0 0 1 1 0 0 0 0 0 0 1 0 0 0 1 1 0 0 0 0 0
user 163: 0 1 0 0 0 1 0 1 0 1 0 0 0 1 0 1 0 0 0 0 0 0 0 0 1 0 1 0 0 1 1 1 1 1 0
user 164: 1 1 0 0 0 1 1 1 0 0 0 0 0 0 1 0 0 0 0 0 0 0 0 0 0 0 0 0 1 1 0 0 0 0 1
user 165: 0 0 0 0 0 1 0 1 1 1 0 1 1 0 1 1 1 0 0 1 0 0 0 0 1 0 0 1 1 0 1 1 0 1 1
user 166: 0 0 0 0 0 0 0 1 0 0 0 1 0 0 1 0 0 0 1 0 0 0 0 0 1 0 0 0 0 1 0 0 0 0 0
user 167: 0 0 1 0 0 0 0 0 0 0 0 0 0 1 0 0 0 0 0 0 1 0 0 0 1 0 0 0 0 0 0 0 0 1 1
user 168: 0 0 0 0 0 1 0 0 0 0 0 0 0 0 0 0 0 1 0 1 0 1 0 0 0 0 0 0 0 0 0 0 0 0 0
user 169: 0 1 0 0 0 0 0 0 0 0 0 0 0 0 1 0 1 0 1 0 1 0 0 0 0 0 0 0 0 1 0 0 0 1 0
user 170: 1 1 1 0 1 0 0 0 0 1 0 0 1 1 0 0 1 1 0 1 1 0 0 0 1 1 1 1 0 0 0 1 0 1 0
user 171: 0 0 0 0 0 0 0 0 1 1 1 0 1 0 1 0 0 1 0 0 0 1 0 1 1 0 0 0 0 0 0 1 0 0 0
user 172: 0 1 0 0 0 0 0 0 0 0 0 0 0 0 0 0 0 0 0 0 0 0 0 0 0 0 0 0 0 0 1 0 0 0 0
user 173: 0 0 0 0 0 0 0 0 0 0 0 0 0 0 0 0 0 0 0 0 0 0 0 0 0 0 0 1 0 0 0 0 1 0 0
user 174: 0 1 0 0 0 1 1 1 1 0 1 1 0 0 0 0 0 0 1 0 0 0 1 0 1 1 1 0 0 1 1 1 0 0 0
user 175: 0 1 1 0 0 1 0 1 0 0 1 0 0 0 1 0 0 1 1 0 1 0 0 0 1 0 0 0 1 1 1 1 1 0 0
user 176: 0 0 0 0 1 0 1 0 0 0 1 0 0 1 1 0 0 0 1 0 0 0 1 0 0 1 1 0 0 0 1 0 0 0 1
user 177: 0 0 1 0 0 0 1 1 1 1 0 1 1 1 1 0 0 0 0 0 1 1 1 1 0 0 0 0 1 0 0 1 1 0 0
user 178: 0 0 0 0 0 0 0 0 0 0 0 0 0 1 0 0 0 0 0 0 0 0 0 0 0 0 0 1 0 0 0 0 0 0 0
user 179: 0 0 1 1 1 0 0 0 0 0 0 0 0 1 1 0 0 1 1 0 0 1 0 0 1 0 1 0 1 1 0 0 0 0 0
user 180: 0 0 0 0 0 0 0 0 0 0 0 0 0 0 0 0 0 0 0 0 0 0 0 0 0 0 0 1 0 0 0 0 0 0 0
user 181: 0 0 0 0 0 1 0 1 0 0 0 0 1 0 1 0 0 1 1 1 1 0 1 1 1 0 1 0 0 1 1 1 0 0 1
user 182: 1 0 0 0 0 0 1 0 0 1 0 0 0 1 0 0 1 0 0 0 0 0 0 1 0 0 0 0 0 1 0 0 0 0 0
user 183: 0 0 0 0 0 1 1 0 0 0 1 0 0 0 0 0 1 0 0 0 1 0 0 1 1 0 0 1 0 1 0 1 0 0 0
user 184: 0 0 0 1 0 0 0 0 0 0 0 0 0 0 1 0 0 0 0 0 1 0 0 0 0 1 0 0 0 0 0 1 1 0 1
user 185: 1 1 0 1 0 0 0 0 0 0 1 0 0 0 0 0 0 0 1 0 0 0 0 0 0 1 0 0 0 0 1 0 0 1 0
user 186: 1 0 1 1 0 1 0 0 0 1 0 0 0 1 0 0 1 0 1 0 0 0 1 0 1 0 1 0 1 0 1 0 0 1 0
user 187: 0 0 0 0 0 0 0 0 0 1 0 0 0 0 1 0 0 0 0 0 0 0 0 0 0 0 1 0 0 0 1 1 0 0 0
user 188: 0 0 1 0 0 1 1 0 0 1 0 1 0 1 0 1 0 1 0 0 0 0 0 1 1 0 0 0 0 1 0 1 1 1 0
user 189: 1 0 0 0 0 0 1 0 1 0 0 0 0 0 0 1 0 1 0 1 0 1 0 1 0 1 0 0 1 0 0 1 1 0 0
user 190: 0 0 0 1 0 0 0 0 0 0 0 0 0 0 0 0 0 0 0 0 0 1 1 0 0 0 0 0 0 0 0 0 1 0 1
user 191: 0 0 0 0 1 0 0 0 0 0 0 0 0 0 0 0 0 0 0 0 1 0 0 0 1 0 0 0 1 0 0 0 0 0 1
user 192: 0 0 1 1 1 1 0 0 1 1 1 0 1 1 0 0 0 1 0 0 0 0 0 0 1 0 0 0 0 1 0 1 0 1 0
user 193: 1 0 1 0 0 0 0 0 0 0 1 0 0 0 0 0 0 0 0 0 0 0 0 0 0 0 0 0 0 0 0 0 0 0 0
user 194: 0 0 1 0 0 0 1 0 0 0 0 0 0 0 0 0 0 0 0 1 0 0 0 0 0 0 0 1 0 0 1 0 0 0 0
user 195: 0 1 0 1 1 0 0 1 0 0 0 1 0 1 1 1 0 0 0 0 1 0 1 0 0 1 0 0 1 0 0 0 0 0 0
user 196: 0 0 0 0 0 0 0 0 0 0 0 0 0 0 1 0 0 1 0 0 0 0 0 0 0 0 0 0 0 0 1 0 0 0 0
user 197: 0 1 0 1 0 1 0 1 0 0 1 1 0 0 0 0 0 1 0 0 0 1 0 1 1 0 1 0 0 0 0 0 0 0 1
user 198: 0 0 0 0 0 0 0 1 0 0 0 0 0 0 0 0 0 1 1 0 0 1 0 0 0 0 1 0 0 1 0 0 0 0 0
user 199: 0 0 0 0 0 1 1 0 1 0 0 1 0 0 1 0 0 1 0 1 0 1 0 0 0 1 1 1 0 0 1 0 0 0 0
user 200: 0 0 0 0 0 0 1 0 1 1 0 1 0 1 0 0 0 0 0 1 0 1 1 1 0 0 1 0 0 1 0 0 1 1 0
user 201: 0 0 0 0 0 1 1 0 0 0 1 1 1 1 0 1 0 1 1 0 1 0 0 0 0 1 0 1 0 1 1 0 1 1 1
user 202: 0 0 0 0 0 0 1 0 0 0 0 0 0 0 0 0 0 0 0 1 0 0 0 0 0 0 0 0 1 1 1 0 0 0 0
user 203: 0 0 1 0 0 0 0 1 1 0 0 1 0 1 1 0 0 0 0 1 0 1 1 0 1 1 0 0 1 1 0 1 0 1 1
user 204: 0 0 0 0 0 1 0 0 1 0 0 0 0 0 0 1 1 0 0 0 0 0 0 1 0 1 0 1 0 0 0 1 0 0 0
user 205: 0 0 0 0 0 0 1 0 0 0 0 0 1 0 1 1 0 0 0 0 0 0 0 0 0 0 1 0 0 1 0 0 0 1 0
user 206: 0 0 0 1 1 0 0 0 0 1 0 0 0 0 0 0 1 0 1 1 0 1 1 1 0 0 0 0 0 0 1 0 0 0 1
user 207: 0 0 0 0 1 1 1 1 0 0 1 0 0 0 1 0 1 1 0 1 0 0 1 0 0 0 0 0 1 1 0 0 0 1 0
user 208: 0 0 0 0 1 1 0 0 1 1 0 0 1 0 0 1 1 0 0 0 0 0 0 0 0 0 0 0 0 1 1 0 0 0 0
user 209: 0 0 0 0 1 0 0 0 0 0 0 0 1 0 0 0 1 1 1 1 0 0 0 1 0 0 1 0 0 0 0 0 1 0 0
user 210: 0 1 0 1 1 0 1 0 0 0 0 0 1 0 0 1 0 1 1 0 0 0 0 0 1 0 0 1 0 1 1 0 0 0 1
user 211: 0 0 0 0 1 0 0 1 0 0 1 1 0 1 0 1 1 1 1 1 0 1 1 1 1 1 1 0 0 0 0 0 0 0 0
user 212: 1 0 1 1 0 1 1 0 0 1 0 0 1 0 1 0 1 0 0 1 0 1 0 0 1 1 0 1 0 1 0 0 0 1 0
user 213: 0 1 0 1 0 0 1 0 1 0 0 0 0 0 1 0 1 0 0 0 0 0 1 0 0 0 1 0 0 0 0 1 0 0 0
user 214: 0 0 0 0 0 0 0 0 0 0 0 0 0 0 0 0 0 0 0 0 0 0 0 0 0 0 0 0 0 1 0 0 0 0 0
user 215: 0 1 1 0 1 0 0 0 0 1 0 0 1 0 0 0 0 0 0 0 0 0 0 0 1 0 1 0 0 0 0 1 0 0 0
user 216: 0 0 0 0 0 0 0 0 0 0 1 0 0 0 0 0 0 0 0 0 0 1 0 0 0 0 0 0 1 0 0 0 0 0 0
user 217: 0 1 1 1 0 1 1 0 0 0 0 0 0 0 0 1 0 0 0 1 0 1 0 0 0 0 0 0 1 0 0 0 1 0 0
user 218: 1 1 1 1 1 1 1 0 0 1 0 0 0 0 1 0 0 0 0 1 0 1 0 0 1 1 0 0 1 0 0 0 1 1 1
user 219: 0 1 0 1 0 0 0 1 0 0 0 0 0 0 0 0 0 0 1 0 0 1 0 1 1 0 1 0 1 0 0 0 1 1 0
user 220: 0 1 0 0 1 1 1 1 1 1 1 0 0 0 1 0 1 1 1 0 1 1 1 0 0 0 0 0 0 1 0 1 0 0 0
user 221: 0 1 1 1 0 0 0 0 1 1 0 1 1 0 0 0 0 0 0 0 0 1 0 0 0 0 0 0 0 0 0 0 1 0 1
user 222: 0 0 1 0 0 0 0 0 0 0 0 0 0 0 0 0 0 1 0 0 0 0 1 0 0 0 0 0 0 0 0 0 0 0 0
user 223: 1 0 0 1 0 1 1 0 0 0 0 1 0 0 0 0 0 0 0 0 0 0 0 0 0 0 0 0 0 0 0 0 0 0 0
user 224: 0 0 1 0 0 0 0 1 1 0 0 0 0 1 1 0 0 0 0 0 1 0 0 0 1 0 1 0 1 0 1 1 0 0 1
user 225: 0 1 1 1 1 0 0 0 0 0 1 0 0 1 0 0 1 0 1 0 1 0 1 1 0 0 0 0 0 1 0 0 0 1 1
user 226: 0 1 0 0 1 1 1 0 1 0 1 1 0 0 0 1 0 0 0 1 0 0 0 1 0 1 0 1 0 0 0 0 0 0 0
user 227: 1 0 0 0 0 0 0 0 0 1 0 1 0 1 0 0 0 1 0 0 1 1 0 1 0 1 0 0 1 0 1 0 1 0 0
user 228: 0 0 0 0 0 0 0 0 0 0 0 0 0 0 0 0 0 0 0 0 0 0 0 0 0 0 0 0 0 0 1 0 0 0 1
user 229: 0 0 0 0 1 0 0 1 0 0 0 1 0 0 0 0 0 0 0 0 0 0 0 0 0 0 0 0 0 0 1 0 0 1 0
user 230: 1 1 0 0 0 0 0 1 0 0 0 1 0 1 0 0 1 0 1 0 1 0 1 1 0 0 0 1 1 0 0 0 0 0 1
user 231: 0 0 0 0 1 0 0 0 1 0 0 0 0 1 0 0 1 0 0 0 0 1 0 0 1 1 0 0 0 1 0 0 1 1 0
user 232: 0 0 0 0 1 1 1 1 0 0 0 0 0 0 0 1 0 0 0 0 0 0 0 0 1 0 0 0 1 0 0 0 0 0 1
user 233: 0 0 0 0 0 0 0 0 0 0 1 1 0 0 1 0 0 0 0 0 1 1 0 1 0 0 0 0 1 1 1 0 0 0 0
user 234: 0 1 1 1 0 0 0 1 0 1 0 0 0 1 0 1 0 0 0 0 0 1 0 0 0 0 0 0 0 1 0 0 1 0 1
user 235: 0 0 0 0 0 0 0 1 0 1 0 1 0 1 0 1 0 0 1 0 1 1 0 1 0 1 0 0 1 0 1 0 1 0 0
user 236: 1 0 0 0 1 1 1 0 1 0 1 0 0 1 1 0 0 0 0 1 0 0 0 1 0 0 1 1 0 0 1 0 0 1 0
user 237: 0 0 1 0 0 1 0 0 1 1 1 0 1 1 1 0 1 0 1 0 0 0 0 0 0 0 1 0 1 0 1 0 0 1 1
user 238: 0 1 0 0 0 0 0 1 0 1 0 1 0 1 1 0 0 0 0 1 1 1 1 1 0 1 1 0 1 0 0 0 1 0 0
user 239: 0 0 0 0 0 0 0 1 0 0 0 1 0 0 0 0 0 1 0 0 1 0 1 1 0 0 0 0 1 1 0 0 1 0 0
user 240: 0 0 1 0 0 0 0 0 0 0 0 0 0 0 0 0 0 0 1 0 0 0 0 0 0 0 0 0 1 0 0 0 0 0 0
user 241: 0 0 0 1 0 0 1 0 1 1 0 1 0 0 1 0 0 1 0 1 1 0 0 1 1 1 0 1 1 1 0 0 0 1 0
user 242: 0 0 0 0 0 0 0 0 0 1 0 0 0 0 0 0 0 1 1 0 0 0 1 0 0 0 0 0 0 0 0 1 1 0 1
user 243: 1 0 1 1 1 0 0 1 1 0 0 0 0 0 0 0 0 0 0 1 0 0 0 0 1 0 0 0 0 0 1 0 0 0 1
user 244: 0 1 0 0 0 0 1 0 0 0 0 1 0 0 1 0 0 0 0 1 0 1 1 1 1 0 1 0 1 0 1 1 1 0 1
user 245: 1 1 0 0 1 1 0 0 1 0 0 0 0 0 0 1 1 0 0 1 1 1 1 1 0 1 0 1 0 0 0 0 1 0 1
user 246: 1 0 0 0 0 1 0 1 0 0 1 0 1 1 1 0 0 0 0 0 1 0 0 0 0 0 0 1 0 1 0 1 0 0 0
user 247: 0 0 0 0 0 0 0 0 1 0 0 0 0 0 0 0 0 0 0 0 0 0 0 0 0 0 1 0 0 0 0 0 0 0 0
user 248: 0 0 0 0 0 0 0 0 1 1 0 0 0 0 0 0 0 0 0 0 1 0 0 0 0 0 0 0 0 0 0 1 1 0 0
user 249: 0 0 0 1 1 0 1 1 1 1 0 1 0 0 0 1 0 0 0 1 1 1 0 0 1 0 0 1 1 0 1 0 1 1 0
user 250: 0 0 0 0 0 1 0 0 0 0 1 0 0 0 0 0 0 0 0 0 1 0 0 0 0 0 0 1 0 0 0 0 0 0 0
user 251: 0 1 0 0 1 1 0 0 0 0 1 0 0 1 0 0 0 0 0 0 0 1 1 0 0 1 0 1 0 0 1 0 1 0 0
user 252: 0 0 1 1 0 0 0 0 0 0 0 0 0 0 0 0 0 0 0 0 0 0 0 0 0 1 0 0 0 0 0 0 0 0 0
user 253: 0 0 1 0 0 0 1 0 0 1 0 1 1 0 0 1 0 0 1 1 1 0 0 0 0 0 0 1 0 1 0 0 0 1 0
user 254: 0 0 0 1 0 0 1 0 0 0 0 1 0 0 0 0 0 1 1 0 0 0 1 0 1 1 0 0 0 1 0 0 0 1 0
user 255: 0 0 1 1 1 1 0 1 0 0 0 1 0 0 0 0 0 1 0 0 0 0 0 0 0 0 0 0 0 0 0 1 1 1 0
user 256: 0 0 0 0 0 0 0 0 0 0 1 0 0 0 0 0 0 0 0 0 0 1 0 1 1 0 0 0 1 0 0 0 0 0 0
user 257: 1 0 0 0 0 0 0 0 0 0 0 0 0 0 0 1 0 0 0 0 1 1 0 0 0 0 0 0 0 0 0 0 0 0 0
user 258: 0 1 0 0 0 0 0 1 0 1 0 1 0 0 0 0 0 0 0 0 0 1 0 0 0 0 0 1 0 0 0 0 0 1 1
user 259: 0 0 0 0 0 0 0 0 0 0 0 0 1 0 0 0 0 0 0 0 0 0 0 0 0 0 0 0 0 0 0 0 0 0 0
user 260: 0 0 0 0 0 0 0 0 0 1 0 1 0 0 0 0 0 0 0 0 0 0 0 0 1 0 0 0 0 0 0 0 0 0 0
user 261: 0 0 0 0 0 0 0 0 0 0 0 1 0 0 0 0 1 0 0 0 0 1 0 1 0 0 0 0 1 0 0 0 0 0 0
user 262: 0 1 1 1 1 0 0 1 0 0 0 0 0 0 1 0 0 0 1 1 1 0 0 0 0 0 0 0 1 0 0 0 1 0 1
user 263: 0 0 0 1 1 0 1 0 0 1 1 1 1 0 0 0 0 1 0 0 0 0 0 0 0 0 0 0 0 0 0 1 1 0 0
user 264: 0 0 0 0 0 0 0 1 0 1 0 0 0 0 1 0 0 0 0 1 0 0 0 0 0 0 0 0 0 0 0 1 0 1 0
user 265: 1 0 0 1 0 1 1 0 1 0 1 0 1 0 0 1 0 0 0 1 0 0 0 1 1 1 1 1 0 1 0 0 0 0 0
user 266: 0 0 0 0 0 0 1 0 0 0 0 0 0 0 0 0 0 0 0 0 0 0 0 0 0 0 0 0 0 0 0 0 0 0 0
user 267: 0 1 0 1 0 0 1 0 0 1 0 0 1 0 1 0 1 0 1 1 0 1 0 1 1 1 0 0 1 0 0 0 0 0 0
user 268: 0 0 0 0 0 0 1 0 0 0 0 0 0 0 0 0 0 0 0 0 0 0 0 1 0 1 1 0 0 0 0 0 0 0 0
user 269: 0 0 0 0 0 0 0 0 0 1 0 0 1 0 1 0 1 0 0 0 1 0 0 0 0 0 0 0 0 1 0 0 0 0 0
user 270: 1 1 0 0 1 0 0 0 0 1 0 0 0 0 1 1 0 0 0 1 1 0 1 1 0 0 0 0 0 0 1 1 1 0 0
user 271: 1 1 0 1 0 0 0 1 0 1 1 1 0 0 0 0 1 1 0 0 0 0 0 0 1 0 1 0 0 0 0 0 1 1 0
user 272: 0 1 1 1 0 0 0 0 1 1 0 0 1 0 0 1 0 0 1 0 1 0 0 0 0 0 1 0 1 0 0 1 0 0 1
user 273: 0 1 1 0 0 1 0 0 1 0 0 0 1 1 0 1 0 0 1 1 0 0 1 0 0 1 0 1 1 0 0 0 0 0 1
user 274: 0 1 1 1 0 0 1 0 0 1 0 1 0 1 0 0 1 0 0 0 0 0 0 1 1 0 0 0 0 0 0 0 1 1 0
user 275: 0 0 0 0 0 1 0 1 1 1 1 0 0 0 0 1 0 0 1 0 1 1 0 1 1 1 1 0 1 0 0 0 0 0 0
user 276: 0 0 0 0 0 1 0 0 0 0 0 0 0 1 0 0 1 0 0 0 0 0 0 0 0 0 0 0 0 0 0 0 0 0 0
user 277: 0 0 0 0 0 1 0 0 0 1 1 0 0 0 0 0 1 0 0 0 0 0 0 1 1 0 0 0 0 0 0 0 0 0 0
user 278: 1 0 0 0 1 0 0 0 0 1 0 0 1 0 1 0 0 1 1 0 0 1 0 0 0 0 0 0 0 0 0 1 1 0 0
user 279: 0 0 0 1 0 0 0 0 0 0 0 0 0 0 0 0 0 1 1 0 0 0 1 0 0 1 0 0 0 0 0 0 0 0 0
user 280: 0 1 0 0 0 0 1 0 0 0 0 1 0 1 1 0 1 0 0 0 1 0 0 0 0 0 1 0 0 0 0 0 0 0 0
user 281: 0 0 0 0 0 0 0 0 0 0 0 0 0 0 0 0 0 0 0 1 0 1 0 0 0 0 0 0 1 0 0 0 0 0 0
user 282: 0 0 0 0 1 0 0 0 0 0 0 0 0 0 1 0 0 1 0 0 0 1 0 0 0 0 0 1 0 0 0 0 0 0 0
user 283: 1 0 1 0 0 0 0 0 0 0 0 0 1 1 1 0 0 0 0 0 1 0 1 1 0 1 1 1 0 0 1 0 0 1 1
user 284: 0 0 0 0 0 0 0 1 0 0 0 1 0 0 1 0 1 1 0 0 0 0 0 0 0 1 0 0 0 0 1 0 0 0 1
user 285: 1 1 0 0 1 1 0 1 1 0 1 0 1 1 1 0 1 0 1 0 0 1 1 0 1 1 0 0 0 0 0 1 0 0 0
user 286: 0 1 0 0 0 1 0 0 1 0 0 0 1 0 1 0 0 0 0 0 0 1 0 0 1 0 0 0 0 0 0 0 0 0 1
user 287: 0 0 0 0 0 0 1 1 1 1 1 0 1 1 0 0 0 1 0 1 0 1 1 0 0 0 0 1 0 0 0 0 1 1 0
user 288: 0 1 0 0 0 1 0 1 0 0 1 1 1 0 0 0 0 1 0 0 0 0 1 1 1 1 0 0 1 1 0 0 1 0 1
user 289: 0 0 0 0 1 0 1 0 0 0 0 0 0 0 0 0 0 0 1 0 0 1 0 1 0 0 0 0 0 0 0 0 0 0 0
user 290: 0 0 0 0 0 0 0 0 0 0 0 0 0 0 0 0 0 0 0 0 0 1 0 0 0 0 0 0 0 0 0 0 0 0 0
user 291: 1 0 0 0 0 0 0 1 1 0 0 1 1 0 0 1 0 1 0 1 1 1 1 0 1 1 0 0 1 0 0 1 1 1 0
user 292: 0 0 0 0 1 1 1 0 0 0 0 0 0 0 0 0 0 0 1 0 0 0 0 1 0 0 0 0 0 0 0 1 0 0 0
user 293: 0 0 0 0 0 0 0 1 0 0 0 1 0 0 0 0 0 0 1 1 0 0 0 0 1 0 0 0 0 1 0 1 0 0 0
user 294: 0 0 0 0 0 0 1 0 1 0 0 0 0 0 0 0 0 0 1 1 0 0 0 0 0 0 0 0 0 0 0 0 1 0 0
user 295: 1 0 0 1 0 0 0 0 1 0 0 0 0 1 0 0 1 0 0 0 1 1 0 0 0 0 0 0 1 0 0 0 0 0 0
user 296: 0 1 1 0 0 0 1 1 0 0 0 0 0 0 0 0 0 0 0 1 1 0 1 0 1 0 0 0 0 0 1 1 0 0 0
user 297: 0 0 0 0 0 0 1 0 0 0 0 0 1 0 0 0 0 0 0 0 0 0 0 0 0 0 0 0 0 0 0 0 0 1 0
user 298: 0 0 1 1 1 0 1 0 0 0 1 1 1 0 0 0 0 0 1 1 0 1 0 0 0 0 1 1 0 0 1 1 1 0 1
user 299: 0 0 0 0 0 0 0 0 0 0 0 1 0 1 0 0 1 0 1 0 1 0 0 0 1 1 0 0 0 0 1 0 0 1 1
user 300: 1 1 0 0 1 1 0 1 0 0 0 1 0 1 0 0 0 1 0 0 0 1 0 1 0 0 0 0 0 0 0 1 0 0 1
user 301: 0 1 0 1 1 1 0 1 0 0 1 0 0 1 1 0 0 0 1 0 0 0 0 1 1 0 1 0 0 1 0 1 0 1 1
user 302: 1 1 0 0 1 1 1 0 1 0 0 0 1 0 0 0 0 0 0 0 1 1 1 0 0 1 1 0 0 0 0 1 1 1 1
user 303: 0 0 0 0 0 0 1 0 0 0 0 0 0 0 0 0 0 0 0 0 0 0 0 0 0 0 0 1 0 0 0 0 0 0 0
user 304: 1 0 0 0 1 0 0 1 0 0 0 1 0 1 1 0 0 0 1 0 0 1 0 1 1 0 0 0 1 0 1 0 0 1 0
user 305: 0 0 0 0 0 0 0 0 0 0 0 1 0 1 0 0 0 1 0 0 0 1 1 0 0 0 0 1 0 0 0 0 1 1 1
user 306: 1 1 0 0 1 1 0 1 1 1 1 0 0 0 1 0 0 0 0 0 1 0 1 1 0 0 1 1 0 1 0 1 0 0 1
user 307: 0 0 0 1 0 1 0 0 0 0 0 0 0 1 0 1 0 0 0 0 0 0 0 0 0 0 1 0 0 0 0 0 1 1 0
user 308: 0 0 0 0 1 1 1 0 0 0 1 1 1 1 0 0 0 0 0 0 0 1 0 0 0 0 1 0 1 1 0 1 0 0 1
user 309: 0 0 0 1 0 1 1 1 1 0 0 0 0 1 1 1 0 1 0 1 0 0 0 0 1 0 0 0 0 0 1 1 1 0 0
user 310: 0 1 0 0 0 0 0 0 1 0 0 0 0 1 0 0 0 1 0 0 0 1 0 0 0 0 0 1 0 0 0 1 0 0 0
user 311: 0 0 0 1 0 0 0 0 0 0 1 0 0 1 0 0 0 0 0 0 0 0 0 0 0 1 0 0 0 0 0 0 0 0 1
user 312: 0 0 0 0 0 0 0 0 0 0 0 1 0 0 1 0 0 0 1 0 0 0 0 1 0 0 0 0 0 0 0 1 0 0 0
user 313: 0 1 0 0 0 0 0 0 0 0 0 0 0 0 0 1 0 0 0 0 0 0 1 0 0 0 0 0 0 0 0 1 0 0 0
user 314: 1 0 0 0 0 0 0 0 0 1 0 0 0 1 0 0 0 1 0 1 0 1 0 0 0 0 0 0 0 0 0 1 0 0 1
user 315: 0 0 1 0 0 1 1 1 1 1 1 0 1 0 0 0 1 0 0 0 1 1 0 0 1 0 1 0 1 0 0 0 0 1 0
user 316: 0 0 0 0 0 0 0 0 0 0 0 1 0 0 0 0 0 0 0 0 0 0 0 0 0 0 0 0 0 0 0 0 0 0 0
user 317: 1 1 0 0 0 0 1 0 1 0 0 0 0 1 0 1 1 0 0 0 0 1 1 1 1 1 0 1 0 0 0 0 0 0 1
user 318: 0 1 0 0 1 0 1 0 1 0 0 0 0 1 1 1 0 0 1 0 0 0 0 0 1 1 0 0 0 1 1 1 0 1 0
user 319: 0 0 0 0 0 0 0 0 1 0 0 0 0 0 0 0 0 0 0 0 0 0 0 0 0 0 0 0 0 0 0 0 1 0 0
user 320: 0 0 0 1 0 0 0 1 0 0 1 1 0 0 0 0 0 0 1 1 1 0 1 0 0 1 0 0 0 1 0 0 0 1 0
user 321: 0 0 0 0 0 0 0 1 0 0 1 0 0 0 0 0 1 0 0 0 0 0 0 0 0 0 1 0 0 0 0 1 0 0 0
user 322: 0 0 0 0 0 0 0 1 0 0 1 1 1 0 0 1 0 0 1 0 1 1 1 0 0 0 0 1 0 0 0 0 1 0 0
user 323: 0 0 0 0 1 0 1 1 0 0 0 1 0 0 0 0 1 0 0 0 0 0 0 1 1 0 0 0 1 0 0 0 0 1 1
user 324: 1 0 0 0 1 0 0 0 1 1 1 0 0 0 0 1 0 0 1 0 0 0 0 1 0 0 1 0 0 0 0 0 0 0 0
user 325: 1 0 0 0 1 0 0 0 0 0 1 1 0 1 0 1 1 1 1 0 0 0 1 1 1 0 0 1 0 1 0 0 1 1 1
user 326: 0 1 0 0 1 1 0 1 0 0 0 0 0 0 0 0 0 0 0 0 1 0 0 1 0 0 0 0 0 1 1 1 0 0 1
user 327: 0 0 0 0 0 0 0 0 0 0 0 0 0 0 0 0 0 0 0 0 1 0 0 0 0 0 0 0 0 0 0 0 0 0 0
user 328: 1 0 0 0 0 0 0 0 0 0 0 0 0 0 0 0 0 1 0 1 0 0 0 0 1 0 0 1 0 1 0 0 0 0 0
user 329: 1 0 0 1 1 1 0 0 0 0 1 0 1 0 0 1 1 0 0 0 0 0 0 0 0 1 1 1 1 1 1 0 1 0 1
user 330: 1 1 0 1 1 1 0 0 1 0 0 0 0 0 0 0 1 1 0 1 0 0 0 1 0 0 0 1 0 0 1 1 1 1 1
user 331: 0 0 0 0 0 0 0 1 0 0 0 0 0 0 0 0 0 0 0 0 0 0 0 0 0 0 0 0 1 1 0 0 0 0 0
user 332: 1 1 1 1 0 1 0 0 1 0 0 0 0 0 0 0 0 0 0 1 0 1 0 0 0 1 1 1 0 1 1 1 0 1 1
user 333: 0 0 1 1 1 1 0 1 0 0 1 1 0 0 0 0 0 0 0 0 0 0 1 0 0 0 0 0 0 0 0 0 1 0 0
user 334: 0 1 0 1 1 0 1 1 1 0 0 0 0 0 1 1 0 0 0 0 1 0 0 0 0 0 0 0 1 0 0 0 1 0 1
user 335: 0 0 0 0 0 1 0 1 0 0 0 0 0 1 0 0 0 0 0 0 0 0 0 0 0 0 0 0 0 0 0 0 0 0 0
user 336: 0 0 0 1 0 0 0 0 0 0 0 0 0 0 0 0 0 0 0 0 0 0 0 0 0 0 0 1 0 0 0 0 0 0 0
user 337: 0 0 0 0 0 0 0 0 1 0 0 0 0 0 0 0 0 0 0 0 1 0 0 1 0 1 0 1 0 0 0 0 1 0 0
user 338: 0 0 0 0 0 0 0 0 0 0 0 0 0 0 0 0 0 0 0 0 0 0 0 0 0 0 0 0 1 0 0 0 0 0 0
user 339: 0 1 1 0 0 0 0 0 1 0 0 0 0 1 1 1 0 1 1 1 1 1 0 0 0 1 1 0 0 0 1 1 0 0 0
user 340: 1 1 0 1 0 0 1 0 1 0 1 0 1 0 0 1 0 0 1 0 1 0 0 1 0 0 0 1 1 1 1 1 0 1 0
user 341: 0 0 0 0 0 0 0 0 0 1 0 1 0 0 0 0 0 0 0 0 0 0 0 0 0 0 1 1 1 0 1 0 1 0 0
user 342: 0 0 1 0 0 0 0 0 1 0 0 0 0 0 0 0 0 0 0 0 0 0 0 0 0 0 1 0 0 0 0 0 1 0 0
user 343: 0 0 0 0 0 0 0 0 0 0 0 0 0 0 0 0 0 0 0 0 1 0 0 0 0 0 0 0 0 0 0 0 0 0 0
user 344: 1 0 0 1 0 1 0 0 0 0 1 1 0 1 0 1 0 0 1 0 0 1 0 0 1 0 0 0 0 0 0 0 1 1 0
user 345: 1 1 1 1 1 1 0 1 1 0 0 1 1 1 0 0 0 1 0 0 0 0 0 1 1 0 0 1 0 0 0 0 0 0 0
user 346: 0 0 0 1 1 0 0 0 0 0 0 0 0 0 0 0 0 0 0 0 0 0 0 0 0 0 0 1 0 1 0 1 0 1 0
user 347: 1 0 0 0 0 0 0 0 0 1 1 0 1 0 0 1 1 1 0 0 1 0 0 0 1 1 0 0 0 0 1 0 1 0 0
user 348: 0 0 1 0 0 0 0 1 1 0 0 0 0 1 0 0 0 0 0 0 0 0 0 0 1 0 1 1 1 1 0 0 0 0 0
user 349: 0 1 0 0 0 0 0 1 0 1 1 0 0 1 0 1 0 1 0 0 0 1 0 1 1 1 0 1 1 1 0 1 0 0 1
user 350: 0 1 0 0 0 0 0 0 0 0 1 1 0 0 1 0 1 1 0 0 1 0 0 1 0 0 0 0 0 0 0 1 1 0 0
Constraints:
at most 3 scope 5 21 22 23 33
at most 3 scope 5 22 28 31 35
at most 3 scope 1 3 10 15 29
at most 3 scope 5 12 14 25 33
at most 3 scope 5 7 12 13 34
at most 3 scope 5 8 19 28 31
at most 3 scope 3 5 7 11 24
at most 3 scope 2 4 6 21 27
at most 3 scope 2 7 17 23 34
at most 3 scope 1 3 6 25 32
at most 3 scope 17 23 27 28 35
at most 3 scope 1 16 23 27 30
at most 3 scope 4 18 26 27 34
at most 3 scope 1 6 8 31 33
at most 3 scope 9 18 28 33 34
at most 3 scope 10 17 18 23 25
at most 3 scope 4 11 12 24 32
at most 3 scope 6 10 14 29 34
at most 3 scope 12 16 25 33 35
at most 3 scope 6 17 23 24 28
at most 3 scope 8 17 25 26 35
at most 3 scope 1 5 9 11 19
at most 3 scope 11 13 17 23 29
at most 3 scope 1 3 19 26 34
at most 3 scope 9 14 18 28 35
at most 3 scope 7 13 20 21 26
at most 3 scope 4 10 12 22 33
at most 3 scope 6 20 23 25 31
at most 3 scope 3 5 23 25 34
at most 3 scope 5 22 24 26 28
at most 3 scope 1 7 22 26 34
at most 3 scope 8 19 23 26 27
at most 3 scope 2 5 11 15 20
at most 3 scope 5 16 19 21 28
at most 3 scope 14 20 21 30 31
sod scope 24 26
sod scope 21 28
sod scope 24 34
sod scope 17 22
sod scope 11 23
sod scope 5 7
sod scope 18 31
sod scope 5 15
sod scope 2 11
sod scope 20 33
sod scope 3 27
sod scope 12 23
sod scope 21 31
sod scope 5 7
sod scope 18 22
sod scope 13 31
sod scope 11 15
sod scope 1 2
sod scope 32 34
sod scope 8 35
sod scope 24 32
sod scope 13 35
sod scope 9 14
sod scope 10 19
sod scope 1 7
sod scope 10 12
sod scope 33 35
sod scope 29 33
sod scope 2 15
sod scope 26 35
sod scope 11 29
sod scope 6 24
sod scope 11 35
sod scope 8 26
sod scope 13 31
sod scope 5 6
sod scope 11 24
sod scope 5 33
sod scope 10 28
sod scope 5 7
sod scope 22 23
sod scope 17 34
sod scope 3 11
sod scope 16 34
sod scope 3 18
sod scope 19 35
sod scope 9 33
sod scope 12 15
sod scope 10 28
sod scope 2 32
sod scope 2 24
sod scope 25 28
sod scope 7 30
sod scope 9 35
sod scope 2 24
sod scope 6 26
sod scope 11 28
sod scope 4 7
sod scope 13 23
sod scope 8 15
sod scope 10 13
sod scope 26 27
sod scope 14 22
sod scope 3 8
sod scope 10 20
sod scope 12 17
sod scope 7 9
sod scope 19 21
sod scope 5 33
sod scope 3 23
sod scope 4 25
sod scope 15 28
sod scope 8 33
sod scope 5 8
sod scope 5 9
sod scope 4 35
sod scope 29 32
sod scope 14 20
