#Steps: 18
#Users: 90
#Constraints: 45
Authorizations:
user 1: 0 0 0 0 0 0 1 1 0 0 0 0 0 0 1 0 0 1
user 2: 0 0 1 1 0 1 0 0 0 1 0 0 1 1 0 0 1 1
user 3: 1 1 1 0 0 1 1 0 0 1 0 0 0 0 1 1 0 0
user 4: 0 1 0 1 1 0 0 1 0 0 1 0 0 0 1 0 1 0
user 5: 1 1 0 0 0 0 0 1 0 1 1 0 1 1 0 1 0 0
user 6: 1 1 0 0 0 1 1 1 0 1 0 0 0 0 0 0 1 0
user 7: 0 1 1 1 1 1 0 1 0 1 0 1 0 0 0 0 0 0
user 8: 0 0 0 0 0 0 1 0 0 0 0 0 0 0 0 0 0 0
user 9: 0 0 0 0 0 0 1 0 1 1 0 1 0 0 1 1 0 0
user 10: 0 0 1 0 1 1 0 1 0 0 1 0 0 1 0 1 0 1
user 11: 0 0 0 1 0 0 0 0 0 0 0 0 0 0 0 0 0 0
user 12: 0 1 0 0 0 1 1 0 1 0 0 1 1 0 1 0 0 1
user 13: 1 0 0 1 0 1 0 0 0 0 0 0 0 1 0 0 0 0
user 14: 1 0 0 0 0 0 1 0 1 0 1 0 0 0 1 0 0 1
user 15: 0 0 0 0 1 0 0 0 0 1 0 0 1 0 0 0 1 0
user 16: 1 1 0 1 1 0 0 0 1 0 0 0 0 0 0 1 0 0
user 17: 0 0 1 0 1 0 0 0 1 0 0 1 1 0 0 0 0 1
user 18: 1 1 0 0 0 0 0 0 0 1 0 0 0 0 1 0 0 0
user 19: 1 0 0 0 0 0 0 0 0 0 0 0 0 1 0 1 0 0
user 20: 0 0 0 0 0 0 1 0 0 0 1 1 0 0 1 0 0 1
user 21: 1 0 0 0 0 0 0 1 0 0 0 0 0 0 0 1 0 0
user 22: 0 0 0 0 1 0 1 0 0 0 1 1 1 0 0 1 0 0
user 23: 0 0 0 0 0 1 0 0 0 1 0 0 0 1 0 1 1 0
user 24: 1 0 0 1 1 1 0 0 1 0 0 0 0 0 0 1 1 0
user 25: 0 0 0 0 0 0 0 0 0 0 0 1 0 0 0 0 0 0
user 26: 0 1 1 0 0 0 1 0 0 0 1 1 0 1 0 1 0 1
user 27: 0 1 1 0 0 0 0 0 0 0 0 0 0 0 0 0 0 0
user 28: 0 0 0 0 0 0 0 0 1 1 0 1 1 1 0 0 0 0
user 29: 0 0 1 1 0 0 0 0 0 0 0 0 1 0 0 0 0 0
user 30: 0 0 1 0 0 0 0 0 0 1 0 0 0 0 0 0 0 0
user 31: 1 0 0 1 0 1 0 1 0 0 1 0 0 0 0 0 0 0
user 32: 0 0 0 0 1 0 0 0 1 0 0 0 0 1 0 0 0 0
user 33: 0 1 0 1 0 0 1 0 1 0 0 0 0 0 1 1 0 0
user 34: 0 0 0 1 0 0 1 0 0 1 1 0 0 0 1 1 0 0
user 35: 1 0 1 1 0 1 0 1 0 1 0 0 0 0 0 1 1 0
user 36: 0 0 1 0 0 0 0 0 1 0 0 0 0 1 1 0 0 1
user 37: 1 1 0 0 1 0 1 1 0 0 0 0 0 1 0 0 1 1
user 38: 0 0 0 0 0 0 0 0 0 0 0 0 0 0 0 0 1 0
user 39: 0 0 0 0 0 0 0 0 0 0 1 0 0 1 0 0 1 0
user 40: 0 0 0 0 0 0 0 0 0 0 1 0 0 0 0 1 0 1
user 41: 1 0 0 0 0 1 0 1 0 0 1 1 1 0 0 0 0 1
user 42: 0 0 0 0 0 0 0 0 0 0 0 0 0 0 0 0 1 0
user 43: 1 0 1 0 1 0 0 0 0 0 0 1 0 0 0 0 0 0
user 44: 0 1 0 0 0 0 0 1 1 1 0 0 0 0 1 1 1 1
user 45: 0 0 1 1 0 0 0 0 0 0 0 1 1 0 0 0 0 0
user 46: 0 1 0 0 0 1 0 0 0 0 0 0 0 0 1 0 1 0
user 47: 0 0 0 0 0 0 0 1 0 1 0 0 0 1 0 0 0 1
user 48: 0 0 1 0 0 0 0 0 0 0 0 0 1 0 1 0 1 0
user 49: 0 0 0 0 1 0 0 0 0 0 0 1 1 0 0 0 0 0
user 50: 1 1 0 0 1 1 0 0 1 1 0 0 0 0 0 0 1 0
user 51: 1 1 1 1 1 1 1 0 0 0 1 0 0 0 0 0 0 0
user 52: 0 0 0 0 0 1 1 0 1 0 1 0 1 0 1 0 0 0
user 53: 0 1 0 0 1 1 0 0 0 0 1 0 1 0 0 0 0 1
user 54: 0 0 1 0 1 0 0 0 0 1 0 0 0 0 1 0 0 0
user 55: 0 1 0 0 1 1 0 0 0 1 0 0 0 0 0 0 0 0
user 56: 0 0 1 1 0 0 0 1 0 0 1 0 0 0 1 0 0 0
user 57: 0 1 1 0 0 0 0 0 0 0 1 0 0 0 0 0 0 0
user 58: 0 0 0 0 1 0 0 1 0 1 0 0 0 0 0 0 0 0
user 59: 0 1 0 0 0 0 0 0 0 0 0 0 0 1 0 0 0 0
user 60: 0 1 0 0 1 0 0 0 0 0 1 0 1 0 0 0 0 0
user 61: 1 1 0 0 1 1 0 0 0 0 0 0 0 0 0 1 0 0
user 62: 1 0 0 1 0 0 1 0 0 0 0 0 0 0 0 0 1 0
user 63: 0 0 0 0 1 1 0 0 1 0 0 0 0 0 0 0 0 1
user 64: 0 0 0 1 0 0 0 0 0 0 1 0 1 0 0 1 1 1
user 65: 1 0 0 0 0 0 1 0 0 0 1 0 0 0 0 0 0 0
user 66: 0 0 0 1 0 0 0 0 0 0 0 0 0 0 0 0 0 0
user 67: 0 0 0 0 1 0 1 1 0 0 0 0 1 0 1 0 1 1
user 68: 1 0 0 1 0 1 0 0 1 0 0 0 0 1 0 1 0 0
user 69: 0 0 0 0 0 0 0 1 0 0 0 0 0 1 0 0 0 0
user 70: 1 0 1 0 0 0 0 0 0 0 1 0 0 0 0 0 0 1
user 71: 1 1 1 1 1 0 0 0 0 0 0 0 0 1 1 1 0 0
user 72: 0 0 0 0 0 0 0 1 0 0 1 1 0 0 0 1 1 1
user 73: 0 0 0 0 0 0 1 0 0 0 1 0 1 0 0 0 1 0
user 74: 0 0 0 0 1 0 0 1 0 1 0 0 0 0 0 0 0 0
user 75: 0 0 0 1 1 0 1 1 1 0 0 0 1 0 0 0 0 1
user 76: 1 0 0 0 0 1 0 1 1 0 0 0 0 0 1 0 0 0
user 77: 1 1 0 1 0 1 1 0 0 0 0 0 0 0 0 1 0 1
user 78: 1 0 0 1 0 0 1 1 0 0 0 0 1 0 1 0 0 1
user 79: 1 1 0 1 0 0 0 0 0 0 1 1 0 0 1 0 0 1
user 80: 0 1 0 0 0 0 0 0 0 0 0 0 0 0 0 0 0 0
user 81: 1 1 0 0 1 0 0 0 0 0 1 1 0 0 0 0 0 1
user 82: 0 1 0 0 1 1 0 0 1 0 0 1 0 0 0 1 1 0
user 83: 0 0 0 0 0 0 0 0 0 1 0 0 1 1 0 0 0 0
user 84: 0 0 0 0 0 0 0 0 0 0 0 0 0 0 0 1 0 0
user 85: 1 1 0 0 1 0 0 0 0 0 1 0 1 1 0 1 0 1
user 86: 0 0 1 0 0 0 1 0 1 1 1 0 1 1 0 0 1 0
user 87: 0 1 0 1 0 0 0 0 0 0 1 0 1 1 0 0 0 1
user 88: 1 0 0 0 0 0 0 0 0 0 0 0 0 1 0 0 0 0
user 89: 0 0 0 0 0 0 1 0 1 0 1 0 0 0 0 0 0 0
user 90: 1 0 1 0 0 0 1 1 0 0 0 1 1 0 0 0 1 0
Constraints:
at most 3 scope 1 4 7 12 14
at most 3 scope 3 6 8 11 16
at most 3 scope 1 5 10 13 14
at most 3 scope 2 8 12 16 18
at most 3 scope 5 7 13 15 18
at most 3 scope 1 4 9 14 15
at most 3 scope 6 13 14 15 16
at most 3 scope 6 7 9 15 16
at most 3 scope 1 8 9 12 18
at most 3 scope 1 7 15 16 18
at most 3 scope 1 2 6 9 10
at most 3 scope 2 5 7 12 18
at most 3 scope 1 6 10 13 14
at most 3 scope 10 11 12 14 18
at most 3 scope 4 6 7 11 13
at most 3 scope 4 8 9 15 16
at most 3 scope 6 8 12 13 16
at most 3 scope 2 4 11 12 13
sod scope 5 17
sod scope 3 17
sod scope 5 7
sod scope 5 8
sod scope 11 17
sod scope 16 17
sod scope 6 12
sod scope 5 6
sod scope 17 18
sod scope 4 12
sod scope 2 17
sod scope 12 15
sod scope 8 12
sod scope 4 16
sod scope 16 17
sod scope 9 11
sod scope 1 18
sod scope 2 12
sod scope 3 9
sod scope 1 3
sod scope 9 17
sod scope 13 16
sod scope 7 14
sod scope 1 4
sod scope 2 7
sod scope 2 12
sod scope 1 8
